# wavelength(nm) efficiency_Th_absorbed
280.000000 0.000000
290.000000 0.049080
300.000000 0.059157
310.000000 0.094427
320.000000 0.144253
330.000000 0.232895
340.000000 0.312020
350.000000 0.371176
360.000000 0.464297
370.000000 0.534464
380.000000 0.599220
390.000000 0.644194
400.000000 0.678158
410.000000 0.695513
420.000000 0.730783
430.000000 0.751124
440.000000 0.759895
450.000000 0.784714
460.000000 0.788820
470.000000 0.781169
480.000000 0.795165
490.000000 0.803936
500.000000 0.813826
510.000000 0.827449
520.000000 0.840326
530.000000 0.815693
540.000000 0.830248
550.000000 0.824277
560.000000 0.847230
570.000000 0.833608
580.000000 0.816999
590.000000 0.826889
600.000000 0.805615
610.000000 0.827822
620.000000 0.813640
630.000000 0.804122
640.000000 0.791246
650.000000 0.786767
660.000000 0.792552
670.000000 0.783781
680.000000 0.792552
690.000000 0.780236
700.000000 0.776690
710.000000 0.764560
720.000000 0.774824
730.000000 0.753363
740.000000 0.744032
750.000000 0.745525
760.000000 0.717347
770.000000 0.702417
780.000000 0.693087
790.000000 0.702044
800.000000 0.692713
810.000000 0.660616
820.000000 0.675732
830.000000 0.649792
840.000000 0.643261
850.000000 0.642701
860.000000 0.643447
870.000000 0.652031
880.000000 0.649979
890.000000 0.646246
900.000000 0.669387
910.000000 0.684316
920.000000 0.680210
930.000000 0.687302
940.000000 0.690474
950.000000 0.691221
960.000000 0.703350
970.000000 0.699432
980.000000 0.707829
990.000000 0.721825
1000.000000 0.736381
1010.000000 0.727610
1020.000000 0.733395
1030.000000 0.734702
1040.000000 0.722945
1050.000000 0.722199
1060.000000 0.751684
1070.000000 0.759335
1080.000000 0.748511
1090.000000 0.742913
1100.000000 0.735821
1110.000000 0.761014
1120.000000 0.766613
1130.000000 0.756162
1140.000000 0.765866
1150.000000 0.763440
1160.000000 0.765307
1170.000000 0.747765
1180.000000 0.763067
1190.000000 0.758962
1200.000000 0.761014
1210.000000 0.772585
1220.000000 0.769412
1230.000000 0.762134
1240.000000 0.751310
1250.000000 0.761947
1260.000000 0.777996
1270.000000 0.779489
1280.000000 0.780796
1290.000000 0.780422
1300.000000 0.768666
1310.000000 0.783968
1320.000000 0.781542
1330.000000 0.786207
1340.000000 0.757469
1350.000000 0.788074
1360.000000 0.767359
1370.000000 0.801696
1380.000000 0.776317
1390.000000 0.787140
1400.000000 0.791619
1410.000000 0.802443
1420.000000 0.774824
1430.000000 0.785274
1440.000000 0.799644
1450.000000 0.784155
1460.000000 0.785461
1470.000000 0.783968
1480.000000 0.785834
1490.000000 0.781355
1500.000000 0.769972
1510.000000 0.773331
1520.000000 0.787327
1530.000000 0.789193
1540.000000 0.779862
1550.000000 0.789007
1560.000000 0.789007
1570.000000 0.781915
1580.000000 0.782848
1590.000000 0.767359
1600.000000 0.772771
1610.000000 0.776503
1620.000000 0.777623
1630.000000 0.771651
1640.000000 0.783781
1650.000000 0.774637
1660.000000 0.777810
1670.000000 0.772958
1680.000000 0.761201
1690.000000 0.783035
1700.000000 0.770159
1710.000000 0.757282
1720.000000 0.780982
1730.000000 0.775944
1740.000000 0.755416
1750.000000 0.751870
1760.000000 0.768852
1770.000000 0.776317
1780.000000 0.763440
1790.000000 0.752430
1800.000000 0.750937
1810.000000 0.754670
1820.000000 0.741420
1830.000000 0.772585
1840.000000 0.745152
1850.000000 0.757096
1860.000000 0.759522
1870.000000 0.741047
1880.000000 0.727237
1890.000000 0.743286
1900.000000 0.745899
1910.000000 0.751124
1920.000000 0.761574
1930.000000 0.735635
1940.000000 0.742726
1950.000000 0.740673
1960.000000 0.746272
1970.000000 0.728170
1980.000000 0.733395
1990.000000 0.733395
2000.000000 0.737128
2010.000000 0.736008
2020.000000 0.722945
2030.000000 0.717533
2040.000000 0.714547
2050.000000 0.722012
2060.000000 0.736195
2070.000000 0.731716
2080.000000 0.717906
2090.000000 0.733769
2100.000000 0.706896
2110.000000 0.721639
2120.000000 0.722758
2130.000000 0.692713
2140.000000 0.727797
2150.000000 0.714921
2160.000000 0.715107
2170.000000 0.708762
2180.000000 0.684876
2190.000000 0.706710
2200.000000 0.706150
2210.000000 0.694580
2220.000000 0.687675
2230.000000 0.711562
2240.000000 0.693647
2250.000000 0.698125
2260.000000 0.679464
2270.000000 0.696073
2280.000000 0.677038
2290.000000 0.683943
2300.000000 0.681890
2310.000000 0.682263
2320.000000 0.673119
2330.000000 0.660243
2340.000000 0.676291
2350.000000 0.681330
2360.000000 0.673492
2370.000000 0.679650
2380.000000 0.673865
2390.000000 0.670506
2400.000000 0.663228
2410.000000 0.641954
2420.000000 0.676851
2430.000000 0.639715
2440.000000 0.647739
2450.000000 0.649232
2460.000000 0.657070
2470.000000 0.635423
2480.000000 0.649046
2490.000000 0.638035
2500.000000 0.641768
2510.000000 0.837340
2520.000000 0.835100
2530.000000 0.644567
2540.000000 0.647926
2550.000000 0.623106
2560.000000 0.637476
2570.000000 0.844804
2580.000000 0.835474
2590.000000 0.839766
2600.000000 0.642141
2610.000000 0.843685
2620.000000 0.849283
2630.000000 0.624039
2640.000000 0.833421
2650.000000 0.838459
2660.000000 0.613962
2670.000000 0.840885
2680.000000 0.852829
2690.000000 0.605564
2700.000000 0.626279
2710.000000 0.612469
2720.000000 0.846297
2730.000000 0.843311
2740.000000 0.623853
2750.000000 0.609483
2760.000000 0.613402
2770.000000 0.835100
2780.000000 0.849470
2790.000000 0.601832
2800.000000 0.851896
2810.000000 0.846671
2820.000000 0.619187
2830.000000 0.857121
2840.000000 0.594927
2850.000000 0.834914
2860.000000 0.837340
2870.000000 0.596047
2880.000000 0.856934
2890.000000 0.844991
2900.000000 0.851149
2910.000000 0.843871
2920.000000 0.583917
2930.000000 0.581864
2940.000000 0.585783
2950.000000 0.592688
2960.000000 0.594554
2970.000000 0.596420
2980.000000 0.867571
2990.000000 0.845924
3000.000000 0.874476
